Please Enter your Size of An Array
9
0       1       2       3       4       5       6       7       8
1       2       3       4       5       6       7       8       9
2       3       4       5       6       7       8       9       10
3       4       5       6       7       8       9       10      11
4       5       6       7       8       9       10      11      12
5       6       7       8       9       10      11      12      13
6       7       8       9       10      11      12      13      14
7       8       9       10      11      12      13      14      15
8       9       10      11      12      13      14      15      16

Please Enter your Size of An Array
10
0       1       2       3       4       5       6       7       8       9

1       2       3       4       5       6       7       8       9       10

2       3       4       5       6       7       8       9       10      11

3       4       5       6       7       8       9       10      11      12

4       5       6       7       8       9       10      11      12      13

5       6       7       8       9       10      11      12      13      14

6       7       8       9       10      11      12      13      14      15

7       8       9       10      11      12      13      14      15      16

8       9       10      11      12      13      14      15      16      17

9       10      11      12      13      14      15      16      17      18
